part 2 
trad ins mean: 0.0023636499012354762
hybrid mean: 0.0005455263385859628

2d
avrg:
ins: 0.004074324894463644
hyb: 0.0008724043087568134
worst:
ins: 0.004874625109368935
hyb: 0.0006753166962880641
best:
ins: 2.3791793501004578e-05
hyb: 0.000260045804316178

part 6
7.740626053418964e-05
9.909230459015817e-05
graphed

7.756690785754472e-05
0.00010407101013697683

7.481502427253873e-05
0.00010062121378723532

6.59947603708133e-05
9.294909017626196e-05

part 4:
1: 0.0021489557763561605
 [0.002978999982587993, 0.0027730000438168645, 0.002475250046700239, 0.003154790960252285, 0.0026446660049259663, 0.002446750062517822, 0.0023388750851154327, 0.0023857500636950135, 0.0024976659333333373, 0.0024173749843612313, 0.0022785000037401915, 0.002410417073406279, 0.0023512080078944564, 0.0020788750844076276, 0.0022966659162193537, 0.002077333047054708, 0.0022305829916149378, 0.0021194590954110026, 0.0022688749013468623, 0.0021563750924542546, 0.0021675419993698597, 0.0021425840677693486, 0.0023989580804482102, 0.0022077910834923387, 0.0022005420178174973, 0.0023328339448198676, 0.0020975410006940365, 0.002139916061423719, 0.0020764999790117145, 0.0021721669472754, 0.0018390000332146883, 0.0018574580317363143, 0.0018473750678822398, 0.0018612080020830035, 0.0018473750678822398, 0.001864791032858193, 0.0018401660490781069, 0.001810208079405129, 0.0018853750079870224, 0.001856083981692791, 0.0018630409613251686, 0.001839500037021935, 0.0018899169517681003, 0.0018573749111965299, 0.0018305419944226742, 0.0019141249358654022, 0.0018489171052351594, 0.0018663330702111125, 0.0018556249560788274, 0.0018555839778855443] 

2: 0.002125950756017119
 [0.0032039580401033163, 0.0038431660505011678, 0.0024748339783400297, 0.0024228330003097653, 0.00247000006493181, 0.002398874959908426, 0.0026719580637291074, 0.002371791983023286, 0.0024953329702839255, 0.0024285420076921582, 0.002060999977402389, 0.002183667034842074, 0.0020676669664680958, 0.0020452499156817794, 0.002115666982717812, 0.0020821249345317483, 0.0021044170716777444, 0.0020699999295175076, 0.0020833329763263464, 0.0022112500155344605, 0.0021123330807313323, 0.0023793329019099474, 0.0021393749630078673, 0.0021888340124860406, 0.0021392079070210457, 0.002098125056363642, 0.002070415997877717, 0.0020702090114355087, 0.0020772499265149236, 0.002111417008563876, 0.001827916014008224, 0.0020013749599456787, 0.0018398750107735395, 0.0018124999478459358, 0.001839374890550971, 0.001826541032642126, 0.0018228330882266164, 0.00183029193431139, 0.0018739589722827077, 0.001834415947087109, 0.0018334160558879375, 0.0018521250458434224, 0.0018361250404268503, 0.0018318750662729144, 0.0018653749721124768, 0.0018547909567132592, 0.001851125038228929, 0.0018297909991815686, 0.0018689580028876662, 0.0019727080361917615] 

3: 0.002086448271293193
 [0.002425458049401641, 0.0024537499994039536, 0.002401874982751906, 0.0024942499585449696, 0.00272566603962332, 0.002352457959204912, 0.0024363750126212835, 0.0023532500490546227, 0.002376125077717006, 0.002401874982751906, 0.0020815000170841813, 0.002312291064299643, 0.002088707988150418, 0.002200292074121535, 0.002091792062856257, 0.0023341249907389283, 0.002094042021781206, 0.002285249996930361, 0.0020825830288231373, 0.0022053340217098594, 0.0021597080631181598, 0.002069332986138761, 0.002185166929848492, 0.0021200410556048155, 0.002144958940334618, 0.002058166079223156, 0.0021024580346420407, 0.002152542001567781, 0.0021083339815959334, 0.002092582988552749, 0.0018829170148819685, 0.0018124999478459358, 0.0018521660240367055, 0.0019275000086054206, 0.0018392920028418303, 0.0018060830188915133, 0.0018096669809892774, 0.0017759159673005342, 0.0019045000663027167, 0.0018298329086974263, 0.0018162500346079469, 0.0018039160640910268, 0.001898874994367361, 0.0018114160047844052, 0.0018236669711768627, 0.0018365420401096344, 0.0018478749552741647, 0.0019415830029174685, 0.0018414170481264591, 0.0018702080706134439] 

d: 0.0016887600207701324
 [0.0029201670549809933, 0.0023198750568553805, 0.001919124973937869, 0.0019417499424889684, 0.001956166932359338, 0.00191837502643466, 0.0019283749861642718, 0.0018936250125989318, 0.0018956249114125967, 0.0019690829794853926, 0.0018543750047683716, 0.0016586659476161003, 0.0016518339980393648, 0.0016995000187307596, 0.0016552089946344495, 0.0017335830489173532, 0.0016530409920960665, 0.001719707972370088, 0.0016756249824538827, 0.0017294170102104545, 0.002056541037745774, 0.0017238750588148832, 0.001670749974437058, 0.0019222089322283864, 0.0017131669446825981, 0.0017319170292466879, 0.0017052500043064356, 0.001673709019087255, 0.0016490831039845943, 0.0015066670021042228, 0.0014465419808402658, 0.001475416007451713, 0.0014563329750671983, 0.0014788339613005519, 0.0014419590588659048, 0.0015936250565573573, 0.0014612500090152025, 0.0014508749591186643, 0.0014749160036444664, 0.0014518341049551964, 0.0015220829518511891, 0.001436250051483512, 0.001460124971345067, 0.001431250013411045, 0.001438707928173244, 0.0014544170117005706, 0.0014577499823644757, 0.0015230410499498248, 0.0014674169942736626, 0.0014690830139443278]

 100 inserts:
 0.00027053828816860916
0.0002718109381385148
0.00026825757464393974
0.0005171631858684123