bubble sort:
9.456566403969191e-05
0.01001955573738087
0.04312937553877418
0.1742655411842861
1.1187197890511016

insertion sort:
4.669527552323416e-05
0.0036796536267502235
0.016322026050329442
0.06741607556505187
0.43079107079975076

selection sort:
4.4006737880408764e-05
0.003935298450960545
0.015618109323622776
0.0628957452630857
0.3949714526126627

merge sort:
7.908381303423084e-05
0.001038835975487018
0.0020792020888620753
0.0044553697869559985
0.01276749687458505

quick sort:
3.42770894349087e-05
0.0005028114879678469
0.0011452609611296793
0.002534292175914743
0.007150066160102142

